50 50 1
600 300
97 2 90 153
28 173 211 174
165 160 170 44
198 96 193 256
119 255 345 246
194 114 607 122
473 184 639 165
482 179 486 314
479 345 487 379
481 350 550 343
548 343 535 233
574 184 576 348
574 325 614 328
614 328 617 264
44 172 51 319
89 297 292 288
175 299 186 360
343 114 353 38
418 2 424 75
253 2 261 72
467 113 481 50
538 3 553 54
588 108 596 43
483 198 361 207
391 197 403 142
298 125 297 125
298 122 310 182
366 203 238 206
238 203 243 154
407 203 412 334
407 306 273 290
244 340 250 379
291 309 299 347
351 376 359 336
47 277 0 279
